200 100
150 185
167 174
56 157
58 119
37 177
4 104
46 141
79 106
93 195
7 200
77 128
135 142
116 185
99 129
154 182
38 96
42 51
53 67
42 184
39 138
187 200
105 147
6 26
33 85
102 196
60 62
75 171
31 51
49 129
127 151
125 132
106 107
95 167
128 175
26 189
30 159
34 91
53 142
33 121
113 188
150 197
46 198
101 143
49 186
62 120
3 130
126 135
130 135
71 103
98 109
12 81
50 156
85 176
165 200
80 172
31 124
107 112
35 195
57 83
103 127
134 145
14 60
85 200
19 156
89 164
37 80
45 175
38 162
106 192
95 129
3 88
112 130
96 200
82 126
42 156
104 142
31 134
79 126
144 182
56 87
111 146
68 167
24 199
3 20
20 107
98 163
37 117
4 20
122 147
45 95
3 160
27 89
14 45
184 196
5 51
84 137
30 112
98 185
159 192
70 143
21 129